1950 NaN
1951 5.297
1952 6.703
1953 3.925
1954 2.951
1955 5.078
1956 3.877
1957 6.313
1958 5.760
1959 4.190
1960 4.730
1961 6.148
1962 5.416
1963 0.338
1964 1.808
1965 3.038
1966 5.730
1967 6.228
1968 4.803
1969 2.435
1970 4.088
1971 3.822
1972 3.018
1973 5.074
1974 6.475
1975 7.049
1976 4.712
1977 4.342
1978 3.883
1979 2.684
1980 5.011
1981 6.058
1982 4.520
1983 7.118
1984 6.436
1985 2.945
1986 4.142
1987 4.390
1988 5.925
1989 7.952
1990 8.785
1991 4.317
1992 4.958
1993 6.009
1994 7.364
1995 9.446
1996 0.978
1997 4.530
1998 5.755
1999 7.434
2000 8.355
2001 4.605
2002 6.470
2003 3.052
2004 5.026
2005 5.041
2006 2.509
2007 7.632
2008 6.525
2009 3.806
2010 1.650
2011 3.749
2012 7.021
2013 4.907
2014 8.220
2015 7.366
2016 8.295
2017 4.654
2018 6.052
2019 5.900
2020 9.540
