1950 50.208
1951 51.238
1952 54.389
1953 50.778
1954 50.105
1955 60.217
1956 50.259
1957 51.398
1958 46.798
1959 56.111
1960 49.189
1961 54.324
1962 52.402
1963 48.849
1964 54.935
1965 49.968
1966 51.553
1967 54.272
1968 54.593
1969 54.837
1970 53.562
1971 53.397
1972 55.094
1973 55.312
1974 52.382
1975 56.503
1976 59.558
1977 53.076
1978 52.869
1979 54.158
1980 48.406
1981 55.792
1982 51.168
1983 60.473
1984 57.722
1985 50.541
1986 52.843
1987 51.490
1988 51.255
1989 56.002
1990 52.660
1991 50.673
1992 51.984
1993 54.103
1994 53.490
1995 60.770
1996 54.700
1997 49.497
1998 51.359
1999 52.828
2000 51.796
2001 50.942
2002 51.659
2003 49.948
2004 49.553
2005 55.201
2006 55.567
2007 48.827
2008 49.487
2009 48.045
2010 52.066
2011 49.391
2012 46.467
2013 56.375
2014 49.574
2015 50.573
2016 51.411
2017 51.132
2018 56.306
2019 49.848
2020 50.160
