1824 -0.388
1825 0.076
1826 -0.114
1827 -0.730
1828 1.038
1829 -0.414
1830 0.506
1831 -0.788
1832 0.818
1833 0.650
1834 2.819
1835 1.349
1836 0.584
1837 -0.244
1838 -0.342
1839 2.195
1840 -0.278
1841 -0.526
1842 2.587
1843 -0.324
1844 1.134
1845 -0.303
1846 1.368
1847 -1.000
1848 0.874
1849 1.793
1850 0.129
1851 2.046
1852 0.279
1853 -0.506
1854 0.347
1855 -0.819
1856 -1.320
1857 0.546
1858 0.998
1859 2.403
1860 0.408
1861 0.040
1862 -0.965
1863 2.254
1864 0.538
1865 -0.517
1866 0.807
1867 0.144
1868 1.950
1869 1.813
1870 -1.106
1871 0.003
1872 0.055
1873 0.248
1874 1.778
1875 -0.536
1876 0.407
1877 0.693
1878 1.383
1879 -0.811
1880 0.744
1881 -1.300
1882 3.160
1883 0.296
1884 1.474
1885 0.041
1886 -0.314
1887 0.800
1888 -1.291
1889 0.454
1890 1.440
1891 -0.209
1892 -0.416
1893 -0.040
1894 2.082
1895 -1.520
1896 0.879
1897 1.281
1898 0.722
1899 0.537
1900 -1.242
1901 0.250
1902 -0.218
1903 2.867
1904 0.413
1905 1.751
1906 1.373
1907 1.312
1908 1.134
1909 0.165
1910 1.621
1911 0.344
1912 1.040
1913 2.188
1914 1.495
1915 0.558
1916 0.340
1917 -1.670
1918 0.240
1919 0.395
1920 2.543
1921 1.373
1922 1.392
1923 1.495
1924 -0.347
1925 2.012
1926 0.846
1927 1.329
1928 0.622
1929 -0.254
1930 1.003
1931 0.056
1932 -0.159
1933 0.521
1934 0.555
1935 0.977
1936 -1.532
1937 1.057
1938 1.320
1939 0.452
1940 -1.246
1941 -0.938
1942 -0.455
1943 1.361
1944 0.208
1945 1.330
1946 0.441
1947 -1.068
1948 1.239
1949 1.411
1950 1.195
1951 -0.536
1952 0.617
1953 0.363
1954 0.133
1955 -1.209
1956 -0.798
1957 1.650
1958 -0.264
1959 0.359
1960 -0.148
1961 2.016
1962 -0.571
1963 -0.965
1964 -0.764
1965 -1.006
1966 0.225
1967 1.606
1968 -0.018
1969 -2.086
1970 -0.527
1971 -0.640
1972 0.073
1973 1.434
1974 0.492
1975 1.158
1976 0.587
1977 -1.096
1978 0.327
1979 -1.342
1980 0.073
1981 0.900
1982 0.250
1983 2.002
1984 0.744
1985 -0.382
1986 -0.034
1987 0.339
1988 0.099
1989 2.861
1990 2.373
1991 0.207
1992 1.681
1993 1.426
1994 1.801
1995 2.435
1996 -2.322
1997 0.174
1998 0.798
1999 0.981
2000 1.846
2001 -0.502
2002 0.790
2003 0.395
2004 -0.204
2005 -0.111
2006 -0.818
2007 1.811
2008 1.343
2009 -0.314
2010 -2.708
2011 -0.841
2012 2.078
2013 -0.582
2014 2.051
2015 2.039
2016 1.830
2017 1.175
2018 0.399
2019 1.465
2020 2.228
2021 -0.284
2022 1.210
