1950 216.400
1951 215.666
1952 211.288
1953 214.470
1954 215.188
1955 215.465
1956 215.029
1957 217.221
1958 218.512
1959 213.997
1960 213.732
1961 212.462
1962 211.391
1963 211.064
1964 216.460
1965 220.322
1966 219.813
1967 216.742
1968 214.259
1969 215.742
1970 217.407
1971 216.820
1972 211.639
1973 208.548
1974 207.404
1975 210.769
1976 212.279
1977 214.261
1978 213.093
1979 210.944
1980 213.289
1981 213.458
1982 209.601
1983 211.404
1984 207.790
1985 210.279
1986 209.372
1987 210.102
1988 211.253
1989 210.457
1990 204.734
1991 208.733
1992 210.903
1993 210.633
1994 206.869
1995 206.969
1996 215.332
1997 215.939
1998 219.164
1999 218.577
2000 218.229
2001 218.224
2002 219.976
2003 220.759
2004 223.520
2005 224.942
2006 225.078
2007 225.931
2008 223.401
2009 221.615
2010 223.365
2011 225.293
2012 220.656
2013 221.014
2014 214.872
2015 211.466
2016 210.621
2017 216.798
2018 215.461
2019 216.475
2020 213.831
