23.2607      
21.9941      
22.2902      
21.2828      
20.6173      
18.9067      
20.7396      
20.9473      
21.5458
20.0389      
20.4902      
22.1680      
20.3375      
20.1139      
20.5057      
21.2118      
20.6758      
19.5543      
19.7970
20.5168      
19.7729      
19.6667      
20.2725      
20.3618      
19.8959      
20.0609      
20.0073      
20.2459      
20.0544
19.4872      
19.7043      
19.7104      
19.7615      
19.5774      
19.5264      
20.4760      
20.2937      
20.3885      
20.9421
20.6336      
19.8020      
20.3552      
19.5043      
18.8755      
19.1909      
19.9256      
19.5531      
20.3363      
20.8109
19.9537      
18.7417      
19.1810      
18.6443      
17.9699      
18.0298      
18.2823      
18.0729      
19.8432      
19.2269
20.0801      
20.0065      
19.6057      
19.4110      
19.2551      
19.8938      
20.8915      
20.6370      
21.0251      
21.2218
22.2784      
20.9905      
21.6600      
21.0039      
21.9887      
21.6387      
21.0932      
21.0866      
22.1455      
20.0697
20.7828      
22.5005      
22.4433      
22.0944      
21.2515      
20.4615      
20.4338      
20.9522      
22.0268      
22.5957
22.4153      
22.0740      
22.7079      
22.8937      
21.6258      
22.1605      
21.2539      
21.2389      
21.5186      
21.8059
21.9277      
23.2286      
24.0001      
22.6639      
22.4200      
21.7210      
22.8519      
22.8842      
23.5067      
22.3431
21.6313      
22.0070      
21.3931      
22.2843      
21.7981      
22.2946      
22.5623      
21.8989      
22.1861      
21.6654
21.4190      
21.3349      
21.8227      
21.3932      
22.9523      
23.0386      
24.1539      
24.0689      
22.5584      
22.4843
22.1301      
22.0633      
19.7957      
20.9152      
21.0827      
21.4024      
20.1628      
20.9616      
22.1502      
22.7094
21.9023      
21.1651      
21.9995      
22.0657      
21.2694      
20.2305      
21.2715      
21.4067      
20.9273      
19.9979
19.1682      
20.5838      
20.6476      
20.3241      
18.8188      
20.8394      
20.4838      
20.8868      
21.1537      
20.5160
20.7267      
20.1390      
20.0240      
20.1437      
20.0814      
20.4668      
19.6344      
19.1876      
18.9579
