21.7983 
21.1660 
23.4170 
24.1068 
22.8624 
20.6576 
22.4328 
21.6008 
20.5096
17.6609 
18.3952 
19.6742 
18.8751 
19.2858 
21.6324 
24.0358 
22.9208 
21.3053 
21.4902
21.1704 
18.7367 
17.2887 
18.1775 
17.8679 
18.4336 
19.2328 
21.1340 
23.0699 
22.2995
21.2381 
21.3975 
20.3640 
18.7253 
17.1993 
17.4314 
17.9821 
18.8314 
19.5604 
22.0688
23.4576 
22.0471 
22.1061 
21.1974 
19.5291 
18.1547 
17.5476 
17.4581 
17.8425 
19.3486
19.1256 
19.8685 
22.0050 
20.8894 
19.7208 
19.7230 
18.9358 
17.0367 
17.4652 
17.1319
17.5863 
18.5442 
18.7776 
20.5377 
22.0791 
22.1389 
22.6425 
22.3302 
21.6786 
20.1856
19.9004 
18.8955 
19.1662 
19.5416 
21.1606 
22.7655 
23.9172 
23.3317 
23.8964 
21.7629
21.4363 
21.4643 
20.0653 
19.9994 
18.7577 
18.9992 
19.6056 
22.0789 
24.8508 
24.8408
24.1662 
23.7672 
23.3615 
21.8575 
19.2478 
20.0655 
18.7601 
19.7766 
20.6905 
22.9326
24.7517 
25.4737 
25.7510 
24.3570 
23.0736 
20.6848 
20.4738 
20.7892 
21.0128 
20.8808
20.8032 
23.1337 
24.2170 
24.5294 
23.5491 
23.9877 
23.2159 
20.8627 
19.8080 
19.5704
18.9252 
19.8726 
20.9946 
22.5200 
25.7763 
25.2837 
25.9049 
25.7621 
23.2119 
21.4481
19.7521 
19.9683 
17.3019 
19.4529 
20.2546 
22.5291 
22.9868 
23.2067 
23.9011 
24.4026
22.5559 
20.1289 
19.6214 
19.9707 
18.7756 
18.7681 
20.4434 
22.5334 
23.7513 
22.2430
20.9192 
22.2770 
21.3012 
19.2879 
16.4407 
18.7444 
17.9900 
19.4245 
20.3256 
21.6427
23.5507 
22.3841 
21.7750 
21.8368 
20.7349 
19.4307 
17.2564 
17.0926 
16.4641